2b
00
00
00
27
00
02
00
2a
00
00
00
26
00
01
00
2a
40
00
00
26
40
01
20
2a
80
00
00
26
80
01
40
2a
c0
00
00
26
c0
01
58
28
00
00
00
24
00
00
00
29
00
00
00
25
00
00
00
29
40
00
00
25
40
00
05
21
a0
00
00
2d
d1
40
00
90
00
00
18
34
00
00
01
15
80
00
00
35
98
00
04
3d
10
00
01
80
00
ff
e8
28
00
00
00
24
00
00
00
29
00
00
00
25
00
00
01
29
40
00
00
25
40
00
05
21
a4
00
00
29
c0
ff
ff
25
c0
ff
e8
2c
55
00
00
9c
00
00
18
34
00
00
02
15
80
00
00
35
98
00
04
3d
10
00
01
84
1c
00
00
20
28
00
00
20
60
00
00
20
a4
00
00
28
c0
00
00
24
c0
00
05
8b
c0
00
1c
20
28
00
00
28
40
00
00
24
40
00
05
8b
c0
00
54
16
c0
00
00
0c
00
00
00
3f
30
ff
fc
17
00
00
00
29
00
00
00
25
00
00
00
2d
50
c0
00
98
00
00
28
11
84
00
00
34
44
00
04
11
c8
00
00
34
88
00
04
39
59
c0
00
14
14
00
00
34
00
00
04
3d
10
00
01
80
00
ff
d8
10
30
00
00
3f
30
00
04
8f
fc
00
00
20
80
00
00
28
00
00
00
24
00
00
00
28
c0
00
00
24
c0
00
00
2d
0c
40
00
98
00
00
18
11
48
00
00
34
88
00
04
38
01
40
00
3c
cc
00
01
80
00
ff
e8
8f
fc
00
00

